--can
can0
--dev
vcal
--read
268,269,271,274,284,286,318,320,321,322,324,325,355,381,389,391,396,401,402,424,426,475,476,543,880,881,901,902,987,988,1043,1100,1102,1103,1415,1416,1643,1644,1731,1769,1770,1771,1772,1775,1776,2256,2333,2334,2346,2350,2351,2352,2369,2370,2487,2488,2496,2543,2544,2545,2560,2569,2735,2855,2856,3016,0x68c.2256,0x6cf.2442
--timestep
30
--mqtt
192.168.xxx.xxx:1883:open3e
--mqttformatstring
{ecuAddr:03X}_{didNumber}_{didName}
--mqttuser
mqtt-user:mqtt-password
--listen
open3e/cmnd
--verbose
--config
devices.json